-0.83137798
1.26548243
-0.29315123
-1.62199249
-0.17340489
0.70083431
-1.36422618
0.02219623
0.83487707
0.60056062
0.53142124
-0.90004705
0.67421916
-1.59118240
-3.07327638
-2.71240944
-0.76001568
-1.12919573
-0.28063765
-0.64981770
-0.52478655
-1.09824538
0.66719446
-1.92295352
-0.35094387
0.76946065
-0.12195240
0.34854432
-1.52640287
0.61868155
0.45773451
-0.46400618
1.74178872
0.96583953
-0.11413332
-0.67064589
-0.95042785
0.71325039
1.11853285
0.21430870
1.38095205
0.92799666
0.49648064
-1.79669316
0.26572251
0.22462876
0.94517133
1.02146267
0.41775371
0.89448309
1.45956081
0.59764460
1.46033506
0.09640844
0.49210075
1.50467779
0.80502253
-0.03924647
0.03333842
0.79840846
0.98253856
-0.24797049
0.09064675
-0.48560759
-0.51151741
0.77778198
0.91092323
-2.11582550
0.50806850
-2.33545331
0.97685580
-0.01672934
-0.16872093
0.28738842
-1.82473921
-0.33819283
0.13230389
-1.72103057
0.99723463
0.53594203
1.19257111
0.70641503
0.10369509
-0.71710703
0.05712229
-0.48524735
0.80879050
0.56776324
0.50053811
0.04008145
0.32571651
0.43181397
-0.13789515
0.50079754
0.09033063
-0.62884349
-0.50870414
0.66428155
0.14009064
-1.08868461
-1.90339435
-0.74471430
0.27838140
0.59240038
-0.10275468
-1.50156187
0.32293061
0.34284762
0.10892595
0.32704169
-1.08684664
-1.51939499
-0.31385070
1.30084883
-1.42474824
0.74671322
1.10052951
0.00215987
0.12229922
0.77109400
-1.27239099
0.90990855
-0.59400893
1.22340374
0.04856972
-1.81094979
0.52824868
-0.88464814
0.07231616
-0.59874576
-0.62497733
0.74281100
-0.92697231
-0.32443482
-0.16066966
0.20587227
-0.00996390
0.38915878
-0.86721290
-1.87487665
-0.51375722
0.58148394
0.41212320
-1.42450325
-0.06121016
-0.82344993
0.59625330
-0.63425576
-0.29563852
-0.12418814
-0.87189285
-1.06114675
-0.73923211
0.39149671
-0.05708357
-1.23650250
-1.50412712
0.07013908
-1.77184122
-0.18436223
-0.70182127
-1.51182241
-1.68140546
0.71623584
-0.45756803
-0.76571176
-2.16595405
-0.31317137
-0.94765937
-0.53230340
-0.12568550
-0.70809755
-1.22701966
-0.12544013
-0.80369542
0.82831637
-0.29681574
0.33117694
-1.47827353
0.74976006
-0.68549060
-0.07834579
-0.72763852
-1.13770765
-0.21699757
-0.28422270
-0.74467936
-0.45904430
-0.14422452
-1.14024693
-0.41386019
-1.01756914
-1.03198700
0.60559345
0.59875843
2.22029298
1.32850026
1.20354237
1.40887864
1.66615737
0.74055937
2.01997366
0.56649730
0.65262113
0.58301746
1.64311970
1.04174336
2.21472906
1.69053814
0.46176290
0.80573321
1.82935269
0.72107664
1.82882891
2.14284789
0.96801387
1.44769282
1.19750067
0.67247219
0.04888564
1.87337812
0.59800239
0.18462956
1.89329513
