0.0857704826486162 0.8438411314350308 0.22619579649510235 0.4569693671376652 0.6814330263351748
0.11980026001245025 0.1162061180861148 0.9675494335953103 0.47589270426977304 0.10002628635343735
0.10342306783452881 0.8530810201890385 0.8575228677757467 0.39014787591373146 0.23242849083810369
0.09643451745799614 0.36467843529367316 0.5360947371958359 0.652370638553627 0.982824548200243

0.010236303845325923 0.16135926120379163 0.5045344619958672 0.2318636029530099 0.05584262537760665
0.7387758803202155 0.09612234540393827 0.2473517187628479 0.47712231684766016 0.9122618560567737
0.11563998004388631 0.008210337065755358 0.9955047654000573 0.6828361500105125 0.5236038222216095
0.7171523030070969 0.7052886137619879 0.6056721999092382 0.856799992271805 0.10702259112810109

0.1766312520403771 0.5231348348108116 0.4276030916033442 0.7373458313081659 0.5477076269667873
0.9761464423610705 0.2703645854109158 0.3568357727522533 0.03945520301918448 0.19422331308307028
0.9420706462099105 0.3748040790663688 0.974509317268935 0.3339863946510061 0.12160070596384398
0.48385577447001615 0.19763102469781657 0.37348551067368096 0.7862157427948759 0.16745849032502158

