-0.86998194
-0.97228137
-1.13342812
-1.33887129
-0.65620273
0.03815587
-0.21744227
-0.04956325
-0.01730050
-0.06298322
-0.50202998
-0.42798648
0.14162636
0.11612541
-0.23191070
-0.40299137
-0.64253702
-1.03827808
-1.42796502
-1.48326700
-1.38174108
-1.24686130
-1.08928810
-1.15532401
-1.07326169
-0.91526002
-0.93725049
-1.07705399
-1.17435753
-1.32518188
-1.65600451
-1.45744028
-1.39958231
-1.11633070
-1.57777834
-1.35802280
-1.12478869
-0.92734971
-1.30432105
-0.93945589
-1.47401059
-1.30110455
-1.61837119
-1.52887348
-1.47736271
-0.53233267
-0.44859789
-0.57282220
-0.70114441
-1.08225324
-0.88674894
-0.43467862
-0.14528055
-0.34282209
-0.18091358
-0.20049938
-0.01413812
-0.75506699
-0.09388611
-0.14639702
0.49498674
0.38642047
0.90986936
0.65351743
1.33394776
0.67383686
1.13125011
1.30547293
1.36099476
1.12571064
1.30586294
1.69350972
1.73996482
1.87360309
2.01575872
1.47260032
0.95470513
1.49329394
2.01797979
1.69863974
1.52078208
1.74596795
0.98473398
0.74534733
0.85455472
1.21606117
1.43727365
1.58520320
1.45582469
1.49056295
1.28468274
0.89262998
0.61640303
0.37746309
0.66974350
0.15686356
-0.05760381
0.10348573
0.20478188
0.32722983
0.19402645
0.24614259
0.27298723
0.35465749
0.31949001
-0.03332852
0.14186285
0.34601938
0.59246534
0.19707454
-0.07873701
0.14837826
0.15101831
0.06448240
0.39765488
0.47462026
0.48177657
0.50182185
0.60985465
0.71688735
