-1.37863117
-2.02439556
-1.72575524
-1.43586662
-2.29293416
-1.75480776
-2.41922048
-1.67623094
-1.56142346
-1.27040088
-1.47081243
-0.36940287
-1.04170066
-1.34181914
-1.39362961
-0.91947968
-1.00710715
-0.84775723
0.24560889
-0.77887885
0.02224901
0.34177060
0.07763656
-1.01479208
-1.71900553
-0.86664450
-1.15445394
-1.42167100
-0.99654509
-1.79157062
-1.64140952
-0.75832132
-0.64272664
0.01639054
-0.04502387
-0.63302945
-0.20897578
-0.30785691
-1.11137474
-0.78212392
-0.33708160
-0.38742212
-0.05287228
-0.53764424
-0.46403922
-0.60291476
-0.20117284
-0.01634520
-0.70533460
-0.70963291
-0.59081239
-0.74976344
-0.16407292
0.27761125
0.07247900
-0.06226953
-0.50847667
-0.03089953
0.90588411
0.36604511
-0.26846654
-1.08655354
-1.20820209
-1.81504859
-1.64256748
-2.26841870
-2.34835956
-1.89168780
-1.72417503
-2.71327077
-1.96177585
-1.94243975
-1.67567314
-1.92904632
-2.31436299
-2.17707726
-1.46673270
-2.08185232
-1.23228243
-0.53848244
-0.36160906
-1.27613646
-1.59866034
-0.60506668
-0.91033448
-0.95323333
-0.39836552
-0.33622289
0.19321140
1.28556527
0.55335088
0.19053802
1.59751523
1.63836989
1.52396916
0.80389480
0.95526032
1.17605262
0.76662758
0.78468846
1.42659328
1.76660436
0.61998774
1.29502666
1.07044318
0.68502497
0.66997399
1.54001007
1.38239812
0.74628458
0.10392471
0.33863140
0.18016410
0.59866629
0.01518584
-0.29232319
-0.12287825
1.16309656
1.47381119
1.09018282
0.33978590
0.55912507
0.48292724
0.42929003
0.46196485
0.67844109
-0.38403276
-0.23448789
-0.67802277
-0.05460864
-0.03024852
0.27040774
0.83841128
0.85978523
0.61816327
0.47826766
-0.27713680
-0.26140956
-0.78523784
-0.37219370
-0.80568460
-1.17954672
-0.97727086
-1.25775928
-0.69248486
-0.82511740
-1.01067786
-0.79048269
-0.93774979
-1.56983805
-1.31866437
-0.53505507
-1.24781538
-1.16375879
-0.21443227
0.06325142
0.25643184
0.61904647
0.14385048
-0.01116968
-0.64315988
-0.62670855
-0.77612904
-0.54785070
0.95311190
0.38894372
-0.24343103
0.49469226
0.28888202
-0.08544757
-0.85934094
-1.24981401
-1.90583799
-0.73005467
-1.10486549
-1.60359802
-1.24145205
-0.56342770
-0.65145876
-0.60171831
-0.81457072
-0.57891923
-0.31862280
-0.03986509
-0.47134185
-0.75781438
-0.73504919
0.46115735
0.83972481
0.44889882
0.73929454
0.20350020
-0.53102885
-0.45622519
-0.81271754
-0.14966647
-0.35816340
-0.08069143
-0.01342832
-0.15848286
-0.06908835
-0.32420347
-0.35467154
-0.14591794
-0.41837424
-0.63733902
-0.65373290
-1.08974787
-1.30926742
-1.10703089
-0.82548718
-0.82976158
-0.19940913
-0.21529699
0.16942765
-0.77924668
-0.62478438
-0.29086324
0.12691066
-0.56719403
-0.32591003
0.30035004
0.53048566
0.01709541
0.25031249
-0.08314216
0.10559218
-0.11182771
-0.46071463
-1.07281158
-1.09223709
-0.88137716
-0.82968047
0.80726150
0.03907732
-0.51075239
-0.61166333
0.90644775
0.58315470
1.08066692
1.04524303
1.00700476
1.18005677
0.22388440
-0.67526841
-0.20871362
-0.77631492
-1.39411030
-1.22901455
-0.92095026
-0.35309177
-0.83039537
-1.29545064
-1.47674841
-1.42769972
-1.51021905
-1.63026374
-1.93325942
-2.16466009
-0.44403870
-0.37159008
-0.70323708
-1.55030958
-1.93028880
-2.12035540
-1.95514113
-1.30611823
-1.17829444
-1.57371141
-1.24433874
-0.77040007
0.10935138
-0.03169300
0.04677625
0.04980079
0.03855732
-0.16910404
-0.50768031
-0.60322631
-0.82389520
-1.00499499
-1.05152266
-0.84832494
-0.90057010
-0.77044594
-0.97773238
-1.18210402
-1.09536952
-0.79449297
-1.26706952
-1.22058360
-0.56470667
-0.66018736
-0.58201912
-0.06461658
0.09850553
0.66130191
0.32592208
0.32959187
0.11250312
-0.57683261
-1.00825647
-1.12560090
-1.54866308
-1.86502339
-1.41919190
-0.76973701
-1.16883124
-0.95875684
-1.35006642
-1.65115252
-1.56466066
-1.11252398
-0.89270957
-1.28156068
-1.30380977
-1.06182519
-1.15453013
0.24949916
0.59858531
0.29047963
1.01841064
1.35367251
1.31379736
1.34143396
1.49951811
0.67617100
-0.00232139
-0.19063405
0.41341353
0.21583935
0.41175164
0.13179298
-0.07651312
0.14917028
0.39534397
1.00815017
1.01567082
1.33336937
1.14314796
1.03112552
0.75478582
-0.90384775
-0.44219755
-0.54363008
0.30023788
0.25594710
-0.31117492
-0.03080641
-0.82636515
-0.33096612
0.03363345
0.66357961
0.45449799
0.34618786
0.53720750
1.24711810
1.36822362
0.74642476
0.74950453
0.74448359
1.19729402
1.11321080
0.95907081
0.93109036
-0.29155160
-0.03771465
0.17146089
0.05633032
1.00722016
0.90713955
0.88577155
1.60074415
1.66015769
1.48293854
1.42542007
1.47217896
2.02937858
1.13664879
0.66398103
0.82769992
0.14597255
0.78860143
0.81824042
0.29421358
0.09499515
0.11437666
-0.18125503
-0.55259269
-0.58356467
0.37747931
0.23540752
0.86928425
0.44896590
-0.04724770
0.48976742
0.87543626
1.44402355
2.01849939
1.73911763
1.55462023
1.97639867
2.60311809
1.64848944
0.91138266
1.07892002
1.31276296
1.46815711
1.48752658
1.30012282
1.51963136
1.00437834
0.92221014
0.17415542
0.09327639
0.54864145
0.63394502
0.52696077
0.53699011
0.44427663
0.86396700
0.57569560
-0.05948245
-0.13605602
-0.34131007
0.30058863
0.87121678
0.67567458
0.60457186
0.33466830
-0.42696710
0.48949019
0.96820513
1.69123176
2.00640646
1.41878860
0.90753872
1.11335959
1.24392877
0.53100814
0.68237857
1.30160513
1.73880232
1.72234369
1.68932254
1.73672395
1.59493595
1.67917702
1.68372242
0.86572839
1.51517536
1.83119965
1.78877859
1.28959181
1.38771932
1.09963538
0.63617244
0.54172275
0.71296363
0.56731236
0.65333764
0.31659874
0.16560525
-0.10754721
-0.63318534
-0.01990002
-0.15422364
-0.27468847
-1.24436841
-1.39018987
-0.94687814
-0.02602536
0.14391774
0.07404013
0.46958634
0.09728811
-0.09695546
-0.11847805
-0.24959727
0.12577487
-0.08528147
-0.53349685
-0.53733769
0.27249613
0.36136028
0.33784842
0.38365039
0.28235478
0.41092696
-0.59154960
-0.95262135
-1.17954003
-1.03441977
-0.32744839
-0.56562935
-1.00177735
-1.08582189
-1.69192571
-0.89011603
-0.43304092
0.00796860
0.41829870
0.64307633
0.10767745
0.31845761
0.90943155
0.77996623
1.30492696
2.08462744
2.00355614
1.92134555
1.22936746
0.87473411
1.30965364
1.28053298
0.67545018
0.23028980
0.74043383
0.98658683
1.41065260
1.78044131
2.20655030
1.59726745
1.96854827
1.24493682
1.54449287
1.24579607
0.95417512
1.21468816
0.70850296
0.79248461
1.03774490
0.82635986
0.24614039
0.03686352
-0.34996914
-0.53936717
-0.47757533
-1.53756434
-1.62379505
-0.49811431
0.14822850
0.76757216
0.79873302
1.24735496
1.04835185
1.56426277
0.48960312
1.53439590
0.72422845
0.40015021
0.63611627
1.02211178
1.07783346
1.23112403
1.58140523
2.13079206
1.47252738
0.67567117
0.53811874
0.54405674
0.38137788
0.70452751
0.36422483
0.86903213
0.86053460
0.89331173
0.97780741
1.91791561
2.73521300
1.84106474
2.31886630
2.15777785
1.81976299
1.77604967
1.58270486
1.59874720
2.04229107
1.91709109
1.10995807
0.69174354
0.74327405
0.26151194
0.52627622
-0.22259982
-0.71877828
-0.08586869
-0.40915314
-0.18365492
-0.58344480
-0.50887813
-0.90511399
-1.51463801
-1.60014109
-1.10424290
-0.92091063
-1.33914793
-1.62369854
-1.30819900
-1.32660865
-1.44319873
-0.86995202
-0.48457534
-0.02541066
-0.33329715
-0.49069375
-0.36041081
-0.66340771
-0.68163326
-0.79596454
-0.94813108
-0.34626947
0.12601755
-0.19881328
-0.02506777
-0.34541056
-0.28769552
-0.30479144
-0.97172956
-0.55161901
-0.90274085
-0.61684334
-0.31824153
-0.43878922
0.03648252
-0.61431344
-0.23247964
-0.19341900
-0.40204287
-0.43134844
0.35074331
0.18792116
0.11904832
0.25174595
1.04614918
1.43420737
1.32355020
1.12053784
1.14413477
0.79123125
0.39648180
0.53069236
0.95053767
1.11033183
0.15744137
0.75915340
0.17329249
0.00492840
0.24083239
0.27239877
0.48518162
0.63107630
0.85357473
0.18560400
0.56003562
0.91611678
0.40989463
-0.17516520
-0.67406396
-0.48480252
0.11894813
0.47013171
1.01401957
0.58256851
1.36110721
0.80450098
0.47936428
0.26232101
-0.45567112
-1.28611505
-1.21817083
-0.08517345
0.60187118
0.49318269
-0.00283515
0.00129951
0.13573650
0.61794763
0.67813904
-0.15749402
-0.56071986
-0.03297086
-0.02486513
-0.01101681
-0.30233097
-0.10833985
-0.37520254
-0.04953594
-0.12694186
0.14630057
1.06946870
0.38636219
-0.30632257
-1.56263225
-1.37504513
-0.88665613
-1.47821567
-1.41707773
-1.14941377
-1.47791109
-1.35300269
-1.24979065
-0.84363814
-0.84466570
-0.91635907
-1.02806953
-0.88733726
-0.77320901
-1.14645503
-1.13766063
-1.33969835
-1.25408093
-0.42834449
0.05165812
-0.04586589
0.18030810
0.62210125
0.36398682
-0.26263218
-0.18353356
0.37894376
0.56841469
0.18853373
0.28184172
0.21171639
-0.40721271
-1.11051569
-1.46763143
-1.53074284
-1.09208778
-1.00692310
-1.36288791
-1.27121508
-0.90513005
-0.89063212
-0.83315119
-0.87050810
-1.25405423
-1.82607237
-1.57940916
-1.47125112
-1.18505235
-2.05505475
-1.83676130
-1.44314183
-0.94155945
-1.18476212
-0.47027719
-1.06934256
-0.78635810
-1.17138871
-1.20310365
-1.39153776
-0.22299297
-0.19294597
-0.47060908
-0.52364185
-0.91966950
-0.75639130
-0.28460874
0.16107389
-0.42694421
-0.48032777
-0.65165818
-0.21473106
-0.82620020
-0.27251745
-0.68935716
-0.01721873
0.10489938
0.80635196
0.94347910
1.69704988
0.43333558
1.02812673
0.91261876
0.93591846
1.19427113
1.44983848
1.97108944
1.79045139
1.81801491
1.84157995
1.44274636
0.97784643
1.31931176
2.02874888
1.52873266
1.68820265
1.79443456
0.82441236
0.72774842
1.18355337
1.51412649
2.05396678
2.26237556
2.04904901
1.90064169
1.37978253
0.75680903
0.32319092
0.29451306
1.12475950
0.33587506
0.10503421
0.48706010
0.50251377
0.81281823
0.69167463
0.57452056
0.34191091
0.49909565
0.54321841
0.09547627
-0.04611858
0.29824857
0.47393589
0.02507124
-0.36565653
0.09280569
0.19897245
-0.11586434
0.22099179
0.37672230
0.34987902
0.08946056
0.01318363
0.44831733
