0.19991295
0.42476344
0.31895836
0.29090166
0.31649187
0.51527497
-0.51401323
-0.36680485
-0.74140415
-0.07878864
-0.10796687
0.21964747
0.72632477
0.70470759
0.40041455
0.33895538
-0.38877568
-0.31054200
-0.81109498
-0.37567375
-0.82071683
-1.17259512
-1.02698728
-1.32397977
-0.81609238
-0.94142141
-1.19519201
-0.89178312
-1.03288603
-1.62877142
-1.37770933
-0.61867210
-1.32050808
-1.20754124
-0.22679028
0.06443592
0.23263492
0.66073233
0.10873960
-0.02523170
-0.65098908
-0.70664038
-0.79453045
-0.51729762
0.94648804
0.39652477
-0.24759742
0.53143055
0.15299765
-0.26882416
-1.11459212
-1.47081606
-2.05817762
-0.82844098
-1.29848397
-1.75961308
-1.43721318
-0.68123887
-0.69964850
-0.61115761
-0.92644200
-0.74022669
-0.47288005
-0.18316605
-0.61431949
-0.93373993
-0.95349989
0.28960504
0.77708878
0.44811391
0.78960352
0.20694043
-0.65599278
-0.63958474
-0.99045050
-0.30748288
-0.46457745
-0.18595720
-0.21348867
-0.28360513
-0.13026059
-0.32616534
-0.29928903
-0.11164160
-0.53480858
-0.80463089
-0.78683155
-1.23225703
-1.32821665
-1.08807222
-0.76827942
-0.70638186
-0.11054606
-0.21055798
0.16360717
-0.80310773
-0.70434264
-0.34218388
0.10693299
-0.62845843
-0.31658302
0.29806054
0.46861629
-0.10673086
0.14560238
-0.12312399
0.09718943
-0.09467752
-0.50490397
-1.20262721
-1.31608656
-1.05895751
-0.97400573
0.77278475
-0.04948635
-0.58024053
-0.71686615
0.77359430
0.55073372
1.08426070
0.95330661
0.92130544
1.05059865
0.02677176
-0.84612109
-0.38805034
-0.94696039
-1.48347671
-1.33511396
-0.94613147
-0.27018019
-0.79207498
-1.41463741
-1.59515965
-1.62195403
-1.71681576
-1.89145039
-2.19121451
-2.38525016
-0.59329022
-0.55290380
-0.85721899
-1.67289605
-2.04998803
-2.37419631
-2.19072302
-1.48829007
-1.32172864
-1.72020750
-1.35220374
-0.90575705
0.02489343
-0.08569517
-0.00896698
-0.01273452
0.01390815
-0.27569319
-0.64096777
-0.82926039
-1.04526215
-1.19563404
-1.25366988
-1.03472042
-1.06379163
-0.94115014
-1.07843340
-1.24707355
-1.16054095
-0.89343029
-1.42582020
-1.40278212
-0.71176189
-0.82608880
-0.74216804
-0.22266822
-0.01733669
0.67176236
0.27997048
0.23880851
0.02121889
-0.75859625
-1.22366926
-1.37785922
-1.81694711
-2.13128958
-1.69119744
-1.02222909
-1.37577135
-1.06821584
-1.50316377
-1.82125808
-1.68441544
-1.29753493
-1.09610668
-1.53578115
-1.58479704
-1.30572102
-1.36166992
0.01996096
0.30743966
0.08736012
0.89841102
1.29477770
1.30099338
1.24785595
1.40836237
0.49374356
-0.18867218
-0.36232063
0.32536607
0.07688909
0.38336046
0.20574381
-0.06951046
0.09440973
0.41464815
0.98550099
0.94791303
1.24307414
1.03048205
0.96235007
0.74113688
-0.90670647
-0.46488541
-0.60658812
0.28182758
0.23700207
-0.35186147
-0.12678626
-0.99089998
-0.51340205
-0.12048182
0.55267082
0.40184276
0.30425501
0.50986152
1.26728530
1.40349510
0.79825617
0.86683261
0.80110030
1.22787120
1.05004111
0.84913885
0.81380357
-0.39325436
-0.13521376
0.06535412
-0.03368713
0.91343051
0.85240614
0.87812919
1.62443319
1.63659245
1.37278016
1.28962391
1.41215552
1.95831542
1.04764710
0.69738319
0.85334400
0.14590994
0.80332710
0.81446564
0.22618823
0.00947661
0.01942592
-0.23789704
-0.62287970
-0.61691666
0.22217231
0.10656900
0.82391207
0.42770251
-0.00340184
0.55811890
0.85007791
1.39694891
1.96937395
1.68670766
1.54412217
1.91384636
2.43577374
1.59614905
0.87809777
1.01688422
1.27163847
1.44940412
1.44182049
1.18992475
1.39709238
0.80762071
0.76647044
0.07109047
-0.01508040
0.49222104
0.60699305
0.50080825
0.48391472
0.37955682
0.74563439
0.41457754
-0.28252077
-0.34207483
-0.51347061
0.17326222
0.78062096
0.56744211
0.54994113
0.25497111
-0.44640590
0.48903796
0.93276382
1.63501725
1.96952266
1.34713045
0.86023105
1.07267678
1.12491863
0.48462259
0.69567951
1.28136799
1.75192706
1.72395982
1.59981870
1.62005779
1.43012073
1.55164974
1.64904237
0.81573963
1.30410629
1.56436656
1.65837633
1.30377639
1.41927182
1.04119002
0.45587539
0.31920293
0.45224468
0.33132663
0.47048442
0.09721253
-0.00977282
-0.29437198
-0.78113696
-0.11074931
-0.22791124
-0.35387310
-1.46753139
-1.64466076
-1.16120774
-0.14916442
0.07085131
-0.01226903
0.40145829
0.08162891
-0.08239731
-0.09285094
-0.20944266
0.20779902
-0.13771442
-0.68554567
-0.67872699
0.20753879
0.33584017
0.33827745
0.39858328
0.27886460
0.46715374
-0.57731895
-0.85653264
-1.08469974
-1.02401544
-0.33713523
-0.66012782
-1.13754612
-1.22583756
-1.82818124
-1.06228994
-0.63993917
-0.15377204
0.37709970
0.64844988
0.09621803
0.22839849
0.85415800
0.71629847
1.29413659
2.18226419
2.06494188
1.90715087
1.13252280
0.84378053
1.36238813
1.39466816
0.74936704
0.18301964
0.69532622
0.91119814
1.34784284
1.73298819
2.19215854
1.47163278
1.83379196
1.14334994
1.57487781
1.32598418
1.00120128
1.21785596
0.67102929
0.71324973
0.96002822
0.74716133
0.22268232
0.02838860
-0.31830753
-0.45952876
-0.43628473
-1.52047164
-1.68451492
-0.60264501
0.06989626
0.72690739
0.70671859
1.21977035
0.95418240
1.45749875
0.36740226
1.50370031
0.65387556
0.41181851
0.69784358
1.01017288
1.05584398
1.17519915
1.52156978
2.12473195
1.44147177
0.56459667
0.46568257
0.52381087
0.36693414
0.75293635
0.42061955
0.88771353
0.82863079
0.80106546
0.90198567
1.97748961
2.83709654
1.85468751
2.32366306
2.19981679
1.80941492
1.85728674
1.63819814
1.56476491
1.97065217
1.79741274
0.95232080
0.58079465
0.62038680
0.18835646
0.50404595
-0.23992111
-0.76492617
-0.16523606
-0.54124789
-0.35516854
-0.82635824
-0.80724870
-1.21650810
-1.77280108
-1.82959543
-1.29471369
-1.06991949
-1.46312067
-1.72343598
-1.38297197
-1.43998615
-1.63409006
-1.10621416
-0.78399502
-0.26323562
-0.50735108
-0.59725660
-0.41570347
-0.72097795
-0.66336590
-0.84564922
-1.08668457
-0.45939110
-0.05117943
-0.45326733
-0.29954837
-0.59219053
-0.49306293
-0.45096833
-1.09659917
-0.66142227
-0.97140080
-0.71407560
-0.37676222
-0.56420284
-0.10327263
-0.80728855
-0.45572937
-0.34002435
-0.50298657
-0.53596326
0.21921546
0.02157870
0.04983478
0.23146321
1.04988097
1.44901206
1.24729010
1.03871004
1.01786002
0.64925832
0.29657408
0.47101223
0.88765302
1.06228746
0.12674797
0.71906176
0.19207214
0.01691071
0.15373680
0.12614002
0.32826285
0.49667524
0.82867943
0.22376005
0.57418775
0.89154394
0.38278532
-0.15629063
-0.67087282
-0.51752759
0.04801883
0.36968997
0.92877787
0.47377383
1.35026189
0.74459541
0.39614121
0.19017614
-0.46839809
-1.34681832
-1.23759898
-0.08792953
0.48619564
0.30765542
-0.19055302
-0.19722323
-0.01675444
0.56152305
0.59845551
-0.21501473
-0.55414958
-0.05098778
0.01533718
-0.05709780
-0.48131730
-0.30812502
-0.57473180
-0.25122202
-0.29503908
0.01104595
0.92231186
0.25179449
-0.37659038
-1.68392966
-1.49992823
-1.00818553
-1.70866784
-1.73298626
-1.43428193
-1.76541860
-1.59762453
-1.44467109
-0.94488388
-0.93435272
-0.99566171
-1.09728545
-0.95449392
-0.83920413
-1.29253057
-1.32040240
-1.54864363
-1.48431723
-0.52528717
0.01263810
-0.17182587
0.05015078
0.53443075
0.31058440
-0.26402566
-0.19168615
0.34684946
0.49985402
0.04517397
0.14191646
0.06337797
-0.55451508
-1.32905635
-1.67412228
-1.67558130
-1.21023549
-1.08679939
-1.38129831
-1.36282611
-1.03968442
-1.07548871
-0.99501169
-1.05968466
-1.47183556
-2.02103595
-1.72587227
-1.53734829
-1.22325686
-2.09085958
-1.92788807
-1.63143518
-1.15989790
-1.46178262
-0.69027413
-1.24766722
-0.98852388
-1.38864118
-1.35177335
-1.42510204
-0.26992916
-0.21139458
-0.50154850
-0.68913388
-1.15448213
-1.01449483
-0.45838575
0.06986423
-0.51018840
-0.53226195
-0.71497695
-0.21318291
-0.86423193
-0.25946297
-0.64725001
-0.04853481
0.05694199
0.75995202
0.84780182
1.72680886
0.47235420
1.04063091
0.92534407
0.98831207
1.20835096
1.53452706
2.08483083
1.84516833
1.91852478
1.92455435
1.48389663
0.99911996
1.36195321
2.05942699
1.54623951
1.76510514
1.97316177
0.92508325
0.74573093
1.08562718
1.43440290
1.97457974
2.20525773
2.02423226
1.89234683
1.36295088
0.80445409
0.37571799
0.26684933
1.08582132
0.27580349
-0.04126822
0.35045421
0.36550053
0.66506245
0.60754018
0.48844042
0.24173816
0.39715728
0.45374814
0.03313094
-0.00315731
0.34279376
0.45390925
-0.05723434
-0.46757076
0.04004724
0.20338939
-0.14002585
0.23164044
0.40433972
0.40518268
0.17865409
0.11874381
0.49602303
